iterations: 545
learning_rate: 0.2657582633797706
depth: 10
l2_leaf_reg: 0.4434862998065338
random_strength: 0.5195882517106052
bagging_temperature: 6.873596351667397
border_count: 163
